10
10
10
10
10
110111001010011110100011101001111000001101101110001011011110101100010000000101110010101111110001011101001010011111100101110100010000011111011011100110111000100011110011111100001110111011010
10
10
10
10
10
1101001111011001110011011111100111101011011100101101101101111011001000100010111101110110111001001101110001000100001110010111010
10
0101001111110010010111000000111001111011000000010010111010
10
10
10
10
100000001011100110111110110100010000101111010111010001110100110101101110010100111101001110000111111001010101111100111101110110010101111100011111010110111001001100100111100001101110000101110000101111110101111001001111001011100101101101010011101011110010111110110010110000001101111101101001000010
111100011101101011100010100111010111000011110001111101010101101110010011001010000010001011110111001001111010111110000101111111000100011111000101110100001110000101101001111000001101101011000000010001110111101000111010011111010100110111010111010011011000111000100111101011100100111110001111101010
110111001001101100000001000111011110100011101001111101001100000001100100111011111101110010101010111000101110100110110110110111001001100011110101110100001110000100010110111110110011011111011001011011000111010010000101011100011100101001110010011011011100100110
011011000111000100111101011100100111000001011101000110100110111010111010111100011111101101010000011110110011000000011000000011100000010000000000101110101101000110010011101101101110010011011010011110000011011001001110110110001011000000011110111011100100111110001111101010
110111001001100110110001110001001111010111001001111100011111010110000000111100111100100011110001010011101111111110110111001001100101000001000101111011101101001111000001101101011100101000101000010000011011100110010101111100011001001111010011111011001110001100001110000100100110101101110010100111110111101010
011011101011101011011100100111110001101100101100101111001100101000010011110110010011101011100100111110011011010010111010010100111111001001010000000110111110011110110011101010011101111111110010011010110111001010011111010110100111100000110110111000101001101110011011011100100110
0101011110101110001000011110111110000100000011011111011001011000000110111110110100100001010101010101011100101001110100110111001001111011111111110111001100100111101001011001010110001001011001010110110111110110010110000001101111101101001000011110101001101011101010101011111010100001000010000111000010
11111110000011011000111001010011111011110100001111110111110010101000010010011101101101110010011011010011110000011011010110111001001111100011001100000001100000001110000001000000000010111010110100011001010011111100101110101010101111101010000100001001101111010
1011111110000011011000111001010011111010101000111011111101010110111001001101100000100111111101010100000011111010110111001001011111111100011110010101111001111101001100000001100100111011001101011110001110001011000000110110100110110000010011100100110101101000110
11000001101111100100111001010011010110110100110111110000111101010111100100001111001000001111011011010001100110101110001000100000111010110001000000011111100011111011110010011101111111110110000000100000111110110110110100110111011001101101110100101111111000111011011001011011110100101000010011110110
011111011001110001101101000110001111010111010001011011111011001101110010100111010011011100010100110111001100110101111011000101101111100011010
10
11111110000011011000111001010011111011110101011011100100100000011001100000001100111100010110011011111110000011011000111001010011111010110000010011111110101010000001111101001001110110110111001001101101001111000001101101011011100100111110001100110000000110010011101011100100111110011011010010111010
0101001111110010011010000000111000000100000011110111111000110110100011011011100100110110001011011111110011011101010101011111010100001000010010011101101101110010011000010000010011111110100111010110111001100101000001000101111011101011011100100111110001101100000100111111101010100000011111010
0110000000110011001011110110010011100101100101001110010011000111100111110001111000111001001000000110101110001111000111100011011111110010001111110010011010100001111101011111000010111111011101000100000111111011111101010110001010111000111001001000000110010001111101101111111001111101000011100001011011100100110
1100010110111111100111110100100111010101111000111100101011110010111010011000000011001100101111011001001110010110010100111001001100100111011011010100110000110000100001000010110001011101100001011000000010000011111011011011010110111001001111100011001100000001101010
11000101101111111001100101110101011101100111101011100001110101010101001111010111111011010101010101111110111100001110101010101001111000101100001111010101010101001111001110000111110000111010101010011110011100001001111010101010101001011010101100001011100110
10101010101010100101101010110101111010101010101001011010101101010110011010101010010110101011100101111001010101010010110101011100101111010101010101001011010101100111100001110101010100101101010110011111110110101010100101101111000010011110010
10101010101010100101101111000010010110011010101010010111010101110010111101010
10
001110001010011100100011111111010101001101011011100100110000100000100111111101001110101101110011001010000010001011110111000011100001011011100101001111010110100111100000110110110010110011101001101011101010101011111010100001000010000111000010111010011110001111101100010110110001001000010
11111011100101001100010100111011111111111101011000000000001011111101101110010011001111001111110101011010101100010111101001101110101110100111100111111010101110101011000101111010010011101111110111001010101011100010111010100111110001111101101100001110000101101110010011111000110000000111100101101101001101101000110
110111001001100101111010000011110010011110111011001110001011011011100111110100011110111111000010101011110111010010000001011101001010011111100101101110010001111100011011000111100101101111110001001110111111111001101011000101100000110110010011101101101110010100111101001010000010001011110111010
000111011100100100001111010000000101011110010110111001101101110010110110110001010011110001111011111011010010100111011001111101100111000110011010110000010011100101111110000111000010101101001111011001110011011111100111101010101111011010110111001010011101101011100011100100011001001111010
11101000111011001111100111101110101000001111010010111010010011101101101110010011001010000010001011110111010111100101011100011100010000001111101111000101110101101110010011011100010001000001111011101011100100010101010100111100011001010000001111110001101110111011010
0111110011110111010100000111101001011101001001110110110111001001101101001111000001101101011100010110111101001111101100000000001000010111010110100011001011100000011100111101100000001001011101010011011101011101001101100001101001000010110010100111101001110001011011011100110
01111101100000000001000010111010111000101001110011110010100011001111110010100010101111001111001010011011101100100111011001111001111110101011010101110110100111001000101111000100001111100010111010011110011111101010111010101100010100110111010111010011100100001011101001001110110110001011000000100111101001001110110
01111001111110101011101111000011100110110110011011111110011001111010011110010100111110000101001010001010111100111100101001101110110111000101101111010110111001001101100000100000011110110110011001111101010001101111011110011001110000100001011010001100000010101111101111001000110100100111011011011100100110
000000010001111100010101111001111001110110011001110011111010011101010011110110100000110110101000001111011010011011101011101011100101101101001000010110100011011000000000110111011111100011010110010110000001011110110000001110100101011110101000101111001000011110010011011111110010
01101111101111100011100011101001011101001101011111000010111110111110100111101111001000001111010010111010110001000100001101000001100100110110000111000010000000100101110100100111011001111001111110101011101010111001101100000000000101111110011010111111100000001010101110001100001110000101100101001111010
111110111001011011110111100111110110110100111110100110111010111010110010101011110111111111001001101100100111011001100111001100111111111010110010001010101111100011010111100100110100110000111000010110111001001100101000001011000000111001001110111111111011001000101010110
